
 *GET  ACTIVEUNITS  FROM  ACTI  ITEM=UNIT       VALUE=  5.00000000    

 *** MAPDL - ENGINEERING ANALYSIS SYSTEM  RELEASE 2023 R1          23.1     ***
 Ansys Mechanical Enterprise Academic Student      
 01055371  VERSION=WINDOWS x64   10:34:43  APR 04, 2023 CP=      0.422

 test--Harmonic Response (P5)                                                  



          ***** MAPDL POST26 VARIABLE LISTING *****


    FREQ                 6 REAL                      7 IMAG    
                      IMPD_REA                    IMPD_IMA
                      L                           G       
                    REAL       IMAGINARY        REAL       IMAGINARY    
    60467.       0.00000       0.00000     -0.218110E-005  0.00000     
    60933.       0.00000       0.00000     -0.209486E-005  0.00000     
    61400.       0.00000       0.00000     -0.365755E-005  0.00000     
    61867.       0.00000       0.00000     -0.128627E-005  0.00000     
    62333.       0.00000       0.00000     -0.203861E-005  0.00000     
    62800.       0.00000       0.00000     -0.113441E-005  0.00000     
    63267.       0.00000       0.00000     -0.447330E-006  0.00000     
    63733.       0.00000       0.00000     -0.195371E-005  0.00000     
    64200.       0.00000       0.00000     -0.213789E-005  0.00000     
    64667.       0.00000       0.00000     -0.305053E-005  0.00000     
    65133.       0.00000       0.00000      0.429472E-005  0.00000     
    65600.       0.00000       0.00000     -0.523709E-006  0.00000     
    66067.       0.00000       0.00000     -0.199041E-005  0.00000     
    66533.       0.00000       0.00000     -0.254185E-005  0.00000     
    67000.       0.00000       0.00000     -0.427007E-005  0.00000     
    67467.       0.00000       0.00000     -0.283517E-005  0.00000     
    67933.       0.00000       0.00000     -0.216095E-005  0.00000     
    68400.       0.00000       0.00000      0.243296E-005  0.00000     
    68867.       0.00000       0.00000     -0.123400E-005  0.00000     
    69333.       0.00000       0.00000     -0.640627E-005  0.00000     
    69800.       0.00000       0.00000     -0.104458E-005  0.00000     
    70267.       0.00000       0.00000     -0.208755E-005  0.00000     
    70733.       0.00000       0.00000      0.104721E-004  0.00000     
    71200.       0.00000       0.00000     -0.150970E-005  0.00000     
    71667.       0.00000       0.00000     -0.128011E-005  0.00000     
    72133.       0.00000       0.00000     -0.366356E-005  0.00000     
    72600.       0.00000       0.00000     -0.347876E-005  0.00000     
    73067.       0.00000       0.00000     -0.632812E-006  0.00000     
    73533.       0.00000       0.00000     -0.265881E-005  0.00000     
    74000.       0.00000       0.00000     -0.602523E-005  0.00000     
    74467.       0.00000       0.00000     -0.740591E-005  0.00000     
    74933.       0.00000       0.00000     -0.236514E-005  0.00000     
    75400.       0.00000       0.00000      0.483403E-005  0.00000     
    75867.       0.00000       0.00000     -0.258048E-006  0.00000     
    76333.       0.00000       0.00000     -0.136719E-005  0.00000     
    76800.       0.00000       0.00000      0.427611E-005  0.00000     
    77267.       0.00000       0.00000     -0.291431E-005  0.00000     
    77733.       0.00000       0.00000     -0.608532E-005  0.00000     
    78200.       0.00000       0.00000      0.321299E-005  0.00000     
    78667.       0.00000       0.00000     -0.300696E-005  0.00000     
    79133.       0.00000       0.00000     -0.326385E-005  0.00000     
    79600.       0.00000       0.00000     -0.105040E-005  0.00000     
    80067.       0.00000       0.00000     -0.302797E-005  0.00000     
    80533.       0.00000       0.00000     -0.232579E-005  0.00000     
    81000.       0.00000       0.00000     -0.209679E-005  0.00000     
    81467.       0.00000       0.00000     -0.195642E-005  0.00000     
    81933.       0.00000       0.00000     -0.603741E-005  0.00000     
    82400.       0.00000       0.00000     -0.245092E-004  0.00000     
    82867.       0.00000       0.00000     -0.689306E-006  0.00000     
    83333.       0.00000       0.00000     -0.465797E-004  0.00000     
    83800.       0.00000       0.00000      0.170914E-004  0.00000     
    84267.       0.00000       0.00000      0.260729E-003  0.00000     
    84733.       0.00000       0.00000      0.139244E-004  0.00000     
    85200.       0.00000       0.00000     -0.260812E-004  0.00000     
    85667.       0.00000       0.00000      0.964245E-004  0.00000     
    86133.       0.00000       0.00000      0.371484E-006  0.00000     
    86600.       0.00000       0.00000      0.361621E-003  0.00000     
    87067.       0.00000       0.00000     -0.187072E-005  0.00000     
    87533.       0.00000       0.00000     -0.310980E-004  0.00000     
    88000.       0.00000       0.00000      0.206628E-004  0.00000     
    88467.       0.00000       0.00000      0.370199E-005  0.00000     
    88933.       0.00000       0.00000      0.129829E-004  0.00000     
    89400.       0.00000       0.00000      0.530683E-005  0.00000     
    89867.       0.00000       0.00000      0.247571E-004  0.00000     
    90333.       0.00000       0.00000     -0.113803E-003  0.00000     
    90800.       0.00000       0.00000     -0.814472E-006  0.00000     
    91267.       0.00000       0.00000      0.198929E-004  0.00000     
    91733.       0.00000       0.00000      0.118406E-004  0.00000     
    92200.       0.00000       0.00000     -0.611375E-005  0.00000     
    92667.       0.00000       0.00000      0.688621E-006  0.00000     
    93133.       0.00000       0.00000      0.521814E-006  0.00000     
    93600.       0.00000       0.00000      0.170794E-005  0.00000     
    94067.       0.00000       0.00000      0.115352E-003  0.00000     
    94533.       0.00000       0.00000      0.455600E-004  0.00000     
    95000.       0.00000       0.00000      0.102056E-006  0.00000     
    95467.       0.00000       0.00000     -0.102807E-005  0.00000     
    95933.       0.00000       0.00000     -0.175591E-005  0.00000     
    96400.       0.00000       0.00000     -0.175821E-005  0.00000     
    96867.       0.00000       0.00000      0.106167E-003  0.00000     
    97333.       0.00000       0.00000     -0.693800E-005  0.00000     
    97800.       0.00000       0.00000      0.151763E-004  0.00000     
    98267.       0.00000       0.00000     -0.314080E-005  0.00000     
    98733.       0.00000       0.00000     -0.803276E-005  0.00000     
    99200.       0.00000       0.00000      0.895321E-004  0.00000     
    99667.       0.00000       0.00000     -0.631843E-006  0.00000     
   0.10013E+06   0.00000       0.00000     -0.362475E-005  0.00000     
   0.10060E+06   0.00000       0.00000      0.141488E-005  0.00000     
   0.10107E+06   0.00000       0.00000     -0.310229E-006  0.00000     
   0.10153E+06   0.00000       0.00000      0.100190E-005  0.00000     
   0.10200E+06   0.00000       0.00000     -0.236235E-005  0.00000     
   0.10247E+06   0.00000       0.00000     -0.298247E-005  0.00000     
   0.10293E+06   0.00000       0.00000      0.152852E-005  0.00000     
   0.10340E+06   0.00000       0.00000     -0.688135E-005  0.00000     
   0.10387E+06   0.00000       0.00000     -0.296696E-005  0.00000     
   0.10433E+06   0.00000       0.00000      0.160857E-005  0.00000     
   0.10480E+06   0.00000       0.00000     -0.563378E-006  0.00000     
   0.10527E+06   0.00000       0.00000      0.424615E-005  0.00000     
   0.10573E+06   0.00000       0.00000     -0.602939E-005  0.00000     
   0.10620E+06   0.00000       0.00000      0.115718E-005  0.00000     
   0.10667E+06   0.00000       0.00000     -0.176726E-005  0.00000     
   0.10713E+06   0.00000       0.00000     -0.507808E-005  0.00000     
   0.10760E+06   0.00000       0.00000      0.491994E-005  0.00000     
   0.10807E+06   0.00000       0.00000     -0.211731E-005  0.00000     
   0.10853E+06   0.00000       0.00000      0.829811E-006  0.00000     
   0.10900E+06   0.00000       0.00000      0.474893E-005  0.00000     
   0.10947E+06   0.00000       0.00000     -0.309544E-005  0.00000     
   0.10993E+06   0.00000       0.00000      0.895727E-005  0.00000     
   0.11040E+06   0.00000       0.00000     -0.125933E-005  0.00000     
   0.11087E+06   0.00000       0.00000      0.239695E-006  0.00000     
   0.11133E+06   0.00000       0.00000     -0.309232E-004  0.00000     
   0.11180E+06   0.00000       0.00000     -0.783403E-006  0.00000     
   0.11227E+06   0.00000       0.00000     -0.140716E-005  0.00000     
   0.11273E+06   0.00000       0.00000      0.614147E-006  0.00000     
   0.11320E+06   0.00000       0.00000      0.680195E-006  0.00000     
   0.11367E+06   0.00000       0.00000     -0.116552E-005  0.00000     
   0.11413E+06   0.00000       0.00000     -0.250490E-005  0.00000     
   0.11460E+06   0.00000       0.00000     -0.631722E-005  0.00000     
   0.11507E+06   0.00000       0.00000      0.364895E-005  0.00000     
   0.11553E+06   0.00000       0.00000      0.247172E-006  0.00000     
   0.11600E+06   0.00000       0.00000     -0.727907E-005  0.00000     
   0.11647E+06   0.00000       0.00000      0.179883E-004  0.00000     
   0.11693E+06   0.00000       0.00000      0.812378E-007  0.00000     
   0.11740E+06   0.00000       0.00000      0.405791E-006  0.00000     
   0.11787E+06   0.00000       0.00000     -0.876125E-006  0.00000     
   0.11833E+06   0.00000       0.00000      0.189778E-006  0.00000     
   0.11880E+06   0.00000       0.00000      0.391145E-005  0.00000     
   0.11927E+06   0.00000       0.00000      0.124613E-005  0.00000     
   0.11973E+06   0.00000       0.00000      0.382686E-005  0.00000     
   0.12020E+06   0.00000       0.00000     -0.148860E-005  0.00000     
   0.12067E+06   0.00000       0.00000     -0.207466E-005  0.00000     
   0.12113E+06   0.00000       0.00000     -0.169741E-005  0.00000     
   0.12160E+06   0.00000       0.00000     -0.235723E-005  0.00000     
   0.12207E+06   0.00000       0.00000     -0.165346E-005  0.00000     
   0.12253E+06   0.00000       0.00000      0.562214E-005  0.00000     
   0.12300E+06   0.00000       0.00000     -0.876511E-006  0.00000     
   0.12347E+06   0.00000       0.00000      0.478298E-006  0.00000     
   0.12393E+06   0.00000       0.00000     -0.951928E-006  0.00000     
   0.12440E+06   0.00000       0.00000      0.212538E-006  0.00000     
   0.12487E+06   0.00000       0.00000      0.253885E-005  0.00000     
   0.12533E+06   0.00000       0.00000      0.494045E-004  0.00000     
   0.12580E+06   0.00000       0.00000      0.634094E-006  0.00000     
   0.12627E+06   0.00000       0.00000     -0.215272E-006  0.00000     
   0.12673E+06   0.00000       0.00000     -0.398140E-005  0.00000     
   0.12720E+06   0.00000       0.00000      0.220933E-005  0.00000     
   0.12767E+06   0.00000       0.00000      0.101879E-005  0.00000     
   0.12813E+06   0.00000       0.00000     -0.444934E-006  0.00000     
   0.12860E+06   0.00000       0.00000     -0.978750E-006  0.00000     
   0.12907E+06   0.00000       0.00000      0.135883E-006  0.00000     
   0.12953E+06   0.00000       0.00000     -0.100081E-004  0.00000     
   0.13000E+06   0.00000       0.00000     -0.596690E-005  0.00000     
   0.13047E+06   0.00000       0.00000     -0.270383E-005  0.00000     
   0.13093E+06   0.00000       0.00000     -0.354615E-005  0.00000     
   0.13140E+06   0.00000       0.00000     -0.115743E-004  0.00000     
   0.13187E+06   0.00000       0.00000      0.187279E-005  0.00000     
   0.13233E+06   0.00000       0.00000     -0.124997E-005  0.00000     
   0.13280E+06   0.00000       0.00000     -0.514111E-005  0.00000     
   0.13327E+06   0.00000       0.00000     -0.179327E-005  0.00000     
   0.13373E+06   0.00000       0.00000     -0.387679E-005  0.00000     
   0.13420E+06   0.00000       0.00000     -0.470898E-006  0.00000     
   0.13467E+06   0.00000       0.00000      0.294903E-005  0.00000     
   0.13513E+06   0.00000       0.00000     -0.184409E-005  0.00000     
   0.13560E+06   0.00000       0.00000      0.286907E-006  0.00000     
   0.13607E+06   0.00000       0.00000     -0.127654E-005  0.00000     
   0.13653E+06   0.00000       0.00000     -0.516563E-006  0.00000     
   0.13700E+06   0.00000       0.00000      0.659393E-005  0.00000     
   0.13747E+06   0.00000       0.00000      0.151824E-005  0.00000     
   0.13793E+06   0.00000       0.00000      0.549207E-005  0.00000     
   0.13840E+06   0.00000       0.00000     -0.381704E-005  0.00000     
   0.13887E+06   0.00000       0.00000      0.703459E-007  0.00000     
   0.13933E+06   0.00000       0.00000     -0.455363E-004  0.00000     
   0.13980E+06   0.00000       0.00000      0.111142E-004  0.00000     
   0.14027E+06   0.00000       0.00000      0.693263E-005  0.00000     
   0.14073E+06   0.00000       0.00000      0.991822E-005  0.00000     
   0.14120E+06   0.00000       0.00000      0.380144E-006  0.00000     
   0.14167E+06   0.00000       0.00000     -0.310470E-004  0.00000     
   0.14213E+06   0.00000       0.00000      0.341211E-005  0.00000     
   0.14260E+06   0.00000       0.00000      0.110670E-004  0.00000     
   0.14307E+06   0.00000       0.00000     -0.203186E-003  0.00000     
   0.14353E+06   0.00000       0.00000     -0.302254E-004  0.00000     
   0.14400E+06   0.00000       0.00000      0.143958E-004  0.00000     
   0.14447E+06   0.00000       0.00000      0.107037E-004  0.00000     
   0.14493E+06   0.00000       0.00000     -0.364833E-006  0.00000     
   0.14540E+06   0.00000       0.00000     -0.158234E-006  0.00000     
   0.14587E+06   0.00000       0.00000      0.124240E-005  0.00000     
   0.14633E+06   0.00000       0.00000      0.105375E-005  0.00000     
   0.14680E+06   0.00000       0.00000      0.251197E-005  0.00000     
   0.14727E+06   0.00000       0.00000      0.467888E-005  0.00000     
   0.14773E+06   0.00000       0.00000      0.853690E-006  0.00000     
   0.14820E+06   0.00000       0.00000      0.994672E-006  0.00000     
   0.14867E+06   0.00000       0.00000      0.862256E-006  0.00000     
   0.14913E+06   0.00000       0.00000      0.169996E-005  0.00000     
   0.14960E+06   0.00000       0.00000      0.162140E-005  0.00000     
   0.15007E+06   0.00000       0.00000      0.636168E-006  0.00000     
   0.15053E+06   0.00000       0.00000      0.272684E-006  0.00000     
   0.15100E+06   0.00000       0.00000      0.643958E-006  0.00000     
   0.15147E+06   0.00000       0.00000      0.342850E-006  0.00000     
   0.15193E+06   0.00000       0.00000     -0.107191E-005  0.00000     
   0.15240E+06   0.00000       0.00000      0.115462E-006  0.00000     
   0.15287E+06   0.00000       0.00000      0.177030E-005  0.00000     
   0.15333E+06   0.00000       0.00000     -0.509781E-005  0.00000     
   0.15380E+06   0.00000       0.00000      0.535281E-006  0.00000     
   0.15427E+06   0.00000       0.00000      0.427777E-006  0.00000     
   0.15473E+06   0.00000       0.00000      0.464473E-006  0.00000     
   0.15520E+06   0.00000       0.00000      0.108440E-005  0.00000     
   0.15567E+06   0.00000       0.00000      0.779034E-006  0.00000     
   0.15613E+06   0.00000       0.00000      0.534757E-005  0.00000     
   0.15660E+06   0.00000       0.00000     -0.761270E-006  0.00000     
   0.15707E+06   0.00000       0.00000     -0.132603E-005  0.00000     
   0.15753E+06   0.00000       0.00000     -0.103297E-006  0.00000     
   0.15800E+06   0.00000       0.00000      0.350287E-005  0.00000     
   0.15847E+06   0.00000       0.00000     -0.643329E-005  0.00000     
   0.15893E+06   0.00000       0.00000     -0.267022E-006  0.00000     
   0.15940E+06   0.00000       0.00000     -0.462417E-006  0.00000     
   0.15987E+06   0.00000       0.00000     -0.316986E-006  0.00000     
   0.16033E+06   0.00000       0.00000     -0.569202E-006  0.00000     
   0.16080E+06   0.00000       0.00000     -0.706169E-006  0.00000     
   0.16127E+06   0.00000       0.00000     -0.291848E-005  0.00000     
   0.16173E+06   0.00000       0.00000     -0.421229E-005  0.00000     
   0.16220E+06   0.00000       0.00000      0.487003E-005  0.00000     
   0.16267E+06   0.00000       0.00000      0.681419E-006  0.00000     
   0.16313E+06   0.00000       0.00000      0.957544E-006  0.00000     
   0.16360E+06   0.00000       0.00000      0.907192E-006  0.00000     
   0.16407E+06   0.00000       0.00000     -0.732263E-006  0.00000     
   0.16453E+06   0.00000       0.00000      0.467950E-006  0.00000     
   0.16500E+06   0.00000       0.00000      0.196452E-005  0.00000     
   0.16547E+06   0.00000       0.00000      0.470011E-005  0.00000     
   0.16593E+06   0.00000       0.00000     -0.204500E-005  0.00000     
   0.16640E+06   0.00000       0.00000     -0.546271E-006  0.00000     
   0.16687E+06   0.00000       0.00000      0.445837E-005  0.00000     
   0.16733E+06   0.00000       0.00000     -0.721045E-006  0.00000     
   0.16780E+06   0.00000       0.00000     -0.398848E-005  0.00000     
   0.16827E+06   0.00000       0.00000     -0.201440E-005  0.00000     
   0.16873E+06   0.00000       0.00000      0.272289E-006  0.00000     
   0.16920E+06   0.00000       0.00000     -0.423249E-006  0.00000     
   0.16967E+06   0.00000       0.00000     -0.838348E-005  0.00000     
   0.17013E+06   0.00000       0.00000      0.197677E-005  0.00000     
   0.17060E+06   0.00000       0.00000      0.559721E-006  0.00000     
   0.17107E+06   0.00000       0.00000     -0.234355E-006  0.00000     
   0.17153E+06   0.00000       0.00000     -0.338358E-005  0.00000     
   0.17200E+06   0.00000       0.00000      0.455033E-005  0.00000     
   0.17247E+06   0.00000       0.00000     -0.131055E-005  0.00000     
   0.17293E+06   0.00000       0.00000      0.152203E-005  0.00000     
   0.17340E+06   0.00000       0.00000      0.203260E-005  0.00000     
   0.17387E+06   0.00000       0.00000     -0.519747E-005  0.00000     
   0.17433E+06   0.00000       0.00000     -0.130688E-005  0.00000     
   0.17480E+06   0.00000       0.00000      0.605380E-003  0.00000     
   0.17527E+06   0.00000       0.00000      0.141522E-004  0.00000     
   0.17573E+06   0.00000       0.00000      0.515901E-005  0.00000     
   0.17620E+06   0.00000       0.00000     -0.108940E-005  0.00000     
   0.17667E+06   0.00000       0.00000     -0.239366E-004  0.00000     
   0.17713E+06   0.00000       0.00000      0.144422E-004  0.00000     
   0.17760E+06   0.00000       0.00000     -0.163849E-005  0.00000     
   0.17807E+06   0.00000       0.00000     -0.308608E-006  0.00000     
   0.17853E+06   0.00000       0.00000      0.247340E-005  0.00000     
   0.17900E+06   0.00000       0.00000     -0.112238E-005  0.00000     
   0.17947E+06   0.00000       0.00000     -0.368379E-005  0.00000     
   0.17993E+06   0.00000       0.00000     -0.407182E-006  0.00000     
   0.18040E+06   0.00000       0.00000      0.103387E-005  0.00000     
   0.18087E+06   0.00000       0.00000     -0.249810E-005  0.00000     
   0.18133E+06   0.00000       0.00000      0.401153E-005  0.00000     
   0.18180E+06   0.00000       0.00000      0.469156E-005  0.00000     
   0.18227E+06   0.00000       0.00000     -0.782265E-006  0.00000     
   0.18273E+06   0.00000       0.00000     -0.125539E-005  0.00000     
   0.18320E+06   0.00000       0.00000     -0.180647E-004  0.00000     
   0.18367E+06   0.00000       0.00000     -0.200706E-006  0.00000     
   0.18413E+06   0.00000       0.00000      0.156959E-005  0.00000     
   0.18460E+06   0.00000       0.00000     -0.101677E-004  0.00000     
   0.18507E+06   0.00000       0.00000     -0.727021E-005  0.00000     
   0.18553E+06   0.00000       0.00000     -0.877189E-006  0.00000     
   0.18600E+06   0.00000       0.00000      0.344109E-005  0.00000     
   0.18647E+06   0.00000       0.00000     -0.489384E-005  0.00000     
   0.18693E+06   0.00000       0.00000      0.751503E-005  0.00000     
   0.18740E+06   0.00000       0.00000     -0.253588E-005  0.00000     
   0.18787E+06   0.00000       0.00000     -0.694366E-005  0.00000     
   0.18833E+06   0.00000       0.00000      0.713266E-005  0.00000     
   0.18880E+06   0.00000       0.00000     -0.245380E-005  0.00000     
   0.18927E+06   0.00000       0.00000     -0.124640E-004  0.00000     
   0.18973E+06   0.00000       0.00000     -0.210209E-004  0.00000     
   0.19020E+06   0.00000       0.00000     -0.238621E-005  0.00000     
   0.19067E+06   0.00000       0.00000     -0.573051E-005  0.00000     
   0.19113E+06   0.00000       0.00000     -0.402530E-006  0.00000     
   0.19160E+06   0.00000       0.00000      0.345201E-005  0.00000     
   0.19207E+06   0.00000       0.00000      0.112244E-005  0.00000     
   0.19253E+06   0.00000       0.00000      0.176278E-005  0.00000     
   0.19300E+06   0.00000       0.00000      0.979962E-005  0.00000     
   0.19347E+06   0.00000       0.00000     -0.110494E-004  0.00000     
   0.19393E+06   0.00000       0.00000     -0.223742E-004  0.00000     
   0.19440E+06   0.00000       0.00000     -0.392958E-005  0.00000     
   0.19487E+06   0.00000       0.00000      0.998909E-004  0.00000     
   0.19533E+06   0.00000       0.00000      0.909907E-005  0.00000     
   0.19580E+06   0.00000       0.00000     -0.137522E-004  0.00000     
   0.19627E+06   0.00000       0.00000      0.178276E-003  0.00000     
   0.19673E+06   0.00000       0.00000     -0.157468E-004  0.00000     
   0.19720E+06   0.00000       0.00000      0.136429E-004  0.00000     
   0.19767E+06   0.00000       0.00000     -0.125528E-003  0.00000     
   0.19813E+06   0.00000       0.00000     -0.344836E-003  0.00000     
   0.19860E+06   0.00000       0.00000      0.271879E-004  0.00000     
   0.19907E+06   0.00000       0.00000      0.100723E-004  0.00000     
   0.19953E+06   0.00000       0.00000      0.351697E-005  0.00000     
   0.20000E+06   0.00000       0.00000     -0.129328E-004  0.00000     
